,store_of_value,medium_of_exchange,smart_contracts,defi,governance,scalability,privacy,interoperability,data_storage,oracle
AAVE,0.043363663836624815,0.29473061431103525,0.12734596617114594,0.2127011544683222,0.040790971881653745,0.05601165268128283,0.03855525061882441,0.047321196434841756,0.07630485643111061,0.06287467316515838
ADA,0.05305982828919192,0.24078158100342809,0.09831268020794479,0.093517989793008,0.04321231256342042,0.08531879908904084,0.07661168286958756,0.04979068684170196,0.20619485613201144,0.05319958321066503
ALGO,0.047186490691529456,0.22505889811152582,0.12613591901553464,0.07993443810876605,0.039004603723868644,0.10888513274703952,0.09557797390312488,0.06239487033920857,0.15068862390081628,0.06513304945858625
API3,0.05253321778214966,0.19668911215951604,0.10816938716268558,0.07517351625668726,0.06289476118368267,0.08678363914913768,0.062086611028863356,0.0737581170670271,0.08465249824887125,0.19725913996137925
APT,0.057764899491646655,0.21535866023745845,0.09084862998117849,0.07942508919895044,0.029245434603813337,0.18364916671764195,0.04681091467009528,0.054429725132606785,0.1989710074990563,0.0434964724675523
ARB,0.04693039866492865,0.21257484719557934,0.1249220994255176,0.09193822069868915,0.024971135056544008,0.11212137627455507,0.035013866471787364,0.09763876048596419,0.20162377133922907,0.052265524387205664
ATOM,0.052409554596650886,0.24633696602645497,0.0832391392937171,0.09283303100407028,0.04437795600939664,0.12925453043752447,0.04787578072272029,0.10665605555794556,0.15602558623796642,0.04099140011355351
AVAX,0.07055274064948659,0.27093509862332427,0.08259896419636234,0.09573811651273934,0.04231902423361411,0.16698969839806857,0.06544866597953208,0.05511581765222642,0.11027972420797257,0.04002214954667375
BAND,0.053646953841433524,0.2501387465150266,0.16688162801451661,0.11132426210634966,0.05149621823044371,0.114237743977129,0.03515977782639643,0.038159954025424984,0.15200082411114318,0.026953891352136296
BTC,0.07041959951243715,0.3276183791974509,0.04918306347598176,0.09798562844964621,0.021722445602547987,0.08504329469130092,0.07820107089905194,0.03980545790718527,0.1827992752421953,0.047221785022202624
COMP,0.04014772350092622,0.3508807412842981,0.11409662065429874,0.25350299836890905,0.02047855123942142,0.046933023900233635,0.01803350435177172,0.05385033741515277,0.052919432521274734,0.04915706676371367
CRV,0.032995594664499736,0.3777287537135306,0.0896317708902594,0.16419242598037345,0.01789132937810003,0.10872825852293781,0.025661390162273,0.0727302655130668,0.044159792295207376,0.06628041887975189
DOT,0.04529986542511228,0.2469260446045521,0.0950533569378096,0.0964941353251443,0.03313542547024086,0.12301603898050496,0.04890668068655919,0.10269503770000418,0.15574926664939287,0.05272414822067961
EGLD,0.052803399264463716,0.19787825389386665,0.10722981512241825,0.07173670554581858,0.027766853004821776,0.1857686006353394,0.0644192129423719,0.0617874488886722,0.18252494641879324,0.04808476428343429
ENJ,0.08701872975494893,0.26032959633298064,0.108829744700386,0.1169197456081707,0.02227135110635922,0.09448522266909316,0.06011443274714421,0.08314152110509035,0.11077546614036975,0.05611418983545703
ETH,0.05318436872945702,0.29187447477102735,0.1419569644148213,0.0850165274307291,0.03537972659691745,0.09789339904025322,0.0519410602250994,0.043619609227976384,0.15660519484624086,0.04252867471747788
FIL,0.058132262620150726,0.22798223854249924,0.09212219640733356,0.09896612363857588,0.022664704849143562,0.08673864190561598,0.05311954285070301,0.06389901066465382,0.25024920653133226,0.04612607198999193
FTM,0.05145911925814893,0.19826740899774525,0.14385786849253834,0.11161649455488455,0.029232809910036385,0.1426086561228077,0.04500739671669066,0.07353009579283858,0.14946215637411311,0.05495799378019643
GRT,0.06794367698583445,0.23017832423437087,0.052910710519944545,0.06144867291931726,0.05212821209625199,0.13173738581397254,0.07402653912384655,0.07277417075555126,0.21131797754703507,0.04553433000387538
HBAR,0.05567925299137569,0.18206335216143485,0.13234294514083014,0.11165264431328895,0.050373060017182676,0.11390158106103786,0.09351425418509933,0.07726590680543635,0.125541949013046,0.05766505431126819
ICP,0.053798547179585016,0.14892677524102113,0.09825579226056756,0.069937851033123,0.05398526410852163,0.13885243431543876,0.07689760391779646,0.08554956887039977,0.2157565807408405,0.05803958233270627
IMX,0.08426905916226056,0.2637536221301141,0.10653766048100972,0.13444954197506795,0.03341897960452837,0.09650324120605619,0.056731281397269795,0.05227286254212316,0.12320613853349971,0.04885761296807053
LDO,0.07280117455525976,0.24797180777887898,0.1529382357765354,0.13309887208382207,0.08393527379647688,0.06292579208819576,0.04640873582073072,0.04188756307596551,0.08629387917906857,0.07173866584506634
LINK,0.04768677763577218,0.15648369722938657,0.13725711519232994,0.07324025343711454,0.02132907928378882,0.0745038792648566,0.06025763171700438,0.07507194306794204,0.13444148957488783,0.21972813359691706
LPT,0.046886728623247186,0.2963778168556517,0.12835361116343078,0.09629584333615109,0.01891792610668109,0.12476412389631136,0.04185034073525953,0.06666316326409093,0.1309796327232943,0.04891081329588213
MANA,0.0650108274185913,0.30578738038410036,0.08748072000831798,0.07488010126244381,0.015005662330225189,0.11567599292532835,0.06345058396669119,0.1268823978835506,0.09267450606357337,0.05315182775717784
MKR,0.06168101969644942,0.2804370220540298,0.14819361076588197,0.1720139463555579,0.0534594654418705,0.06024744285906424,0.030365865005979334,0.04311169959830444,0.06702514414040157,0.08346478408246084
NEAR,0.06098571836874145,0.25687847630838334,0.09027145448072559,0.10006478469842792,0.032481397371871536,0.12171571658945596,0.07181348061527036,0.0625801874379553,0.16329895220184806,0.03990983192732041
OCEAN,0.06548358967039916,0.20756049759879228,0.08107570907678296,0.09854185659682194,0.06216144438962766,0.07131785898925593,0.08813127504734382,0.09763091657716892,0.170879441470105,0.05721741058370215
OP,0.07042917995838113,0.2622416682597189,0.13049873010759747,0.12716003159779754,0.039971626588037726,0.09690627640301669,0.05106873186899976,0.07674373309590092,0.09934973993551001,0.04563028218503992
POL,0.07609667680268056,0.27834102290046653,0.1250621263605215,0.1425763892526891,0.02895469279775269,0.08656112643253831,0.05020730335143728,0.05805805858354049,0.10401720713342869,0.050125396384944794
RENDER,0.06840073845805256,0.22183395044635124,0.10893073124913355,0.10022525335629463,0.018433596268883676,0.20611275051249092,0.044253374631933726,0.10899599469373399,0.07435968861027226,0.0484539217728533
RPL,0.05633019264553783,0.26535525939823684,0.14398004935066389,0.11982921366955256,0.03970388490757477,0.09864247861860372,0.04829257606430162,0.06526686646818936,0.11996642570874166,0.042633053168597834
SAND,0.0789284283869613,0.2558316379260534,0.10162124559644423,0.10915416058543355,0.03883198757411465,0.08555204875102897,0.05941295091811587,0.09231157480231897,0.11898035903207617,0.05937560642745303
SC,0.06310384616339917,0.29610323975200803,0.07821812518228777,0.09764756846538404,0.015070771875516559,0.09424597772792373,0.04345810366252759,0.047178400540270816,0.23485009689941497,0.030123869731267527
SNX,0.06744519141845504,0.3690788370988184,0.07650051568813615,0.16330056732067422,0.026176410563318184,0.0872012738614587,0.03870124012492707,0.05373237209113988,0.06185820869009396,0.056005383142978406
SOL,0.04487732901453921,0.1601703643970467,0.09303560601405109,0.08214028809355106,0.07236715474343278,0.2042296742535324,0.04700674369344117,0.05301539750147502,0.19090104966903718,0.05225639261989338
STORJ,0.06005056541569004,0.15435066300581265,0.04558862433150442,0.05575971915857578,0.02397623203316127,0.16271112558748213,0.06813283594196583,0.07736501738048555,0.3033197192489234,0.04874549789639893
SUI,0.054062843332596616,0.1660293907916348,0.14812245383917025,0.0944190863957073,0.03831227640924574,0.13363959236770948,0.035288737721915084,0.08431334372812531,0.20189853503248706,0.04391374038140835
TRB,0.05928659175005672,0.21220623156601037,0.09124789807017498,0.09346041222949072,0.06922166763897722,0.06564718454117661,0.03517409859295457,0.056431167057895006,0.16983391384625027,0.14749083470701344
UNI,0.05152208610526045,0.2732529058523599,0.1640149599300391,0.14280631320821602,0.017702394922454682,0.05739240120154434,0.034881520766087463,0.0567052424212564,0.11509333187316208,0.08662884371961965
XMR,0.04890215864616347,0.29044805825740666,0.0498479747060243,0.08441993253230494,0.024837638739562278,0.09544158209211062,0.18884700825195966,0.0381442100584433,0.12833423249226428,0.05077720422376053
ZEC,0.0552153317588167,0.18817157274433444,0.10415662684447272,0.0834408081522153,0.03665196943039626,0.0960666276605005,0.09962042779147615,0.09022547598087842,0.1789490327360105,0.06750212690089885
